points=8179
anchor_index=0
anchor_source=initial-pos.txt timestamp 10005.005009000
anchor_position=[36.952608753, 18.606614301, 1.040842992]
mean=[39.37664914948926, 28.59871129498424, 1.4314479096964177]
eigenvalues=[125.22084230639932, 67.47071961358894, 0.00927683555651751]
